alpha = 1e-08 :
  (0, 0)	5.21016452421
  (0, 1)	0.152781524652
  (0, 2)	0.568534710338
  (0, 3)	1.68172236022
  (0, 4)	1.50062427064
  (0, 5)	1.38415943225
  (0, 6)	0.966319995738
  (0, 7)	0.408491955217
  (0, 8)	0.236721781441
  (0, 9)	0.0580452221033
  (0, 10)	0.356110705834
  (0, 11)	0.415341900863
  (0, 12)	0.339392439115
Validation SSE = 11.2741065869 

alpha = 0.0001 :
  (0, 0)	5.21233875277
  (0, 1)	0.152842854094
  (0, 2)	0.568486938248
  (0, 3)	1.67978970393
  (0, 4)	1.49956017423
  (0, 5)	1.38464123601
  (0, 6)	0.96730959901
  (0, 7)	0.408689090236
  (0, 8)	0.235893079307
  (0, 9)	0.056894078175
  (0, 10)	0.354727743287
  (0, 11)	0.412725128845
  (0, 12)	0.337784263318
Validation SSE = 11.1762449681 

alpha = 0.001 :
  (0, 2)	5.67801994208
  (0, 3)	0.305476358056
  (0, 5)	1.33018131056
  (0, 6)	2.29476075669
Validation SSE = 0.512143928554 

alpha = 0.01 :
  (0, 2)	5.6688500747
  (0, 3)	0.297741146462
  (0, 5)	1.32406216584
  (0, 6)	2.28448648766
Validation SSE = 0.555384580437 

alpha = 0.1 :
  (0, 2)	5.41112237928
  (0, 3)	0.475691450697
  (0, 5)	0.994333613239
  (0, 6)	2.35707365554
Validation SSE = 1.1320109537 

alpha = 1.0 :
  (0, 2)	4.22974796063
  (0, 3)	0.0996750766253
  (0, 6)	1.5772187901
Validation SSE = 24.8813729199 

Optimal params: 
alpha = 0.0009423423423423424 
beta = 
  (0, 2)	5.67857995882
  (0, 3)	0.304732468592
  (0, 5)	1.3310799115
  (0, 6)	2.29426537494 
Validation SSE = 0.5120997265453058 

Testing optimal params:
Test SSE = 0.745835879698 

